01
188
01
187
11
01
184
11
02
182
42
01
02
51
167
11
00
172
11
01
170
11
02
168
42
01
02
51
46
53
90
42
00
02
51
35
53
94
42
00
01
53
22
22
00
01
11
02
144
11
03
136
21
03
02
12
130
03
60
-18
12
126
00
60
10
12
121
01
11
02
123
11
03
121
11
00
116
42
02
00
52
10
51
16
42
03
00
51
54
60
15
42
03
00
52
47
11
02
95
11
00
91
42
02
00
51
47
60
56
11
03
81
12
80
03
23
01
60
-85
11
03
71
12
69
03
23
00
60
-87
11
00
56
23
00
12
51
00
60
-33
11
01
47
23
01
12
42
01
60
-107
11
01
39
12
35
01
11
02
31
12
30
02
60
-157
02
25
90
90
90
0
0
0
0
0
1
0
0
